image_00000 137 107 155 125
image_00001 139 108 153 123
image_00002 137 102 155 125
image_00003 134 104 154 127
image_00004 136 106 155 127
image_00005 137 104 156 126
image_00006 132 103 154 129
image_00007 136 101 156 126
image_00008 138 103 156 128
image_00009 136 103 156 127
image_00010 138 105 155 129
image_00011 137 104 159 128
image_00012 135 104 157 129
image_00013 133 101 158 128
image_00014 138 102 158 129
image_00015 139 98 156 128
image_00016 138 104 156 126
image_00017 141 107 160 126
image_00018 140 103 159 128
image_00019 137 103 161 127
image_00020 142 106 159 127
image_00021 142 104 160 129
image_00022 140 104 160 129
image_00023 140 102 159 126
image_00024 145 106 159 127
image_00025 145 105 161 129
image_00026 142 104 160 128
image_00027 142 105 161 128
image_00028 144 104 162 128
image_00029 144 102 162 127
image_00030 144 102 163 128
image_00031 143 104 161 125
image_00032 144 106 163 127
image_00033 143 105 163 131
image_00034 146 104 164 128
image_00035 143 102 165 131
image_00036 145 104 172 127
image_00037 151 100 172 119
image_00038 148 100 173 124
image_00039 154 102 174 124
image_00040 149 97 172 123
image_00041 149 99 172 125
image_00042 147 98 171 122
image_00043 151 98 170 126
image_00044 149 100 172 122
image_00045 153 99 170 123
image_00046 147 100 174 122
image_00047 150 98 169 124
image_00048 152 98 170 118
image_00049 149 99 171 121
image_00050 152 99 173 117
image_00051 154 97 170 118
image_00052 153 97 171 117
image_00053 155 96 173 119
image_00054 149 95 170 120
image_00055 154 95 171 116
image_00056 152 94 171 113
image_00057 154 98 170 116
image_00058 156 96 169 112
image_00059 155 95 169 113
image_00060 154 94 170 112
image_00061 155 95 168 110
image_00062 156 94 169 112
image_00063 151 95 169 111
